100
2
0.2500 0.5000 0.5000 0.2500
3
0.0000 0.0000 0.0000 0.0009 0.0013 0.1776
1
1.0000 0.1234
2
0.5000 0.5001 0.5000 0.4999
2
0.0000 1.0000 0.5000 0.5000
2
0.0003 0.0002 0.0001 0.0004
2
0.9999 1.0000 0.9997 0.9998
3
0.6468 0.4830 0.0291 0.5574 0.7261 0.9610
3
0.2122 0.3818 0.2547 0.6347 0.4053 0.1603
2
0.7428 0.5469 0.2435 0.0029
2
0.6475 0.9445 0.9994 0.7105
4
0.0353 0.4064 0.4831 0.3669 0.0552 0.4257 0.4790 0.3151
4
0.0001 0.0001 0.0001 0.0001 0.0001 0.0001 0.0001 0.0001
4
0.7581 0.6345 0.8480 0.1144 0.9110 0.9448 0.5403 0.8818
4
0.1122 0.7201 0.8507 0.5954 0.7026 0.3091 0.8240 0.8807
4
0.5090 0.4033 0.6553 0.9209 0.0863 0.9098 0.6486 0.0196
3
0.0916 0.4776 0.7040 0.8363 0.3589 0.9295
2
0.4999 0.5000 0.5002 0.5001
4
0.5239 0.4321 0.2214 0.1160 0.4461 0.8755 0.0521 0.9478
2
0.3680 0.4795 0.4667 0.1440
3
0.4529 0.2222 0.8928 0.7645 0.1624 0.6069
4
0.0584 0.4209 0.2365 0.4158 0.4382 0.5989 0.3632 0.5223
3
0.8954 0.9031 0.5528 0.4054 0.3217 0.8505
4
0.5002 0.0000 0.5000 0.4997 0.4998 0.4999 0.4996 0.5001
2
0.2831 0.6144 0.1855 0.8231
4
0.4339 0.5910 0.4681 0.7174 0.0051 0.5666 0.2232 0.3327
4
0.0007 0.0007 0.0007 0.0007 0.0007 0.0007 0.0007 0.0007
3
0.6993 0.2852 0.6034 0.6645 0.3193 0.5829
4
1.0000 1.0000 0.0000 1.0000 1.0000 0.0000 1.0000 0.0000
3
0.6935 0.0476 0.4197 0.6159 0.2923 0.0459
2
0.9999 1.0000 1.0000 1.0000
4
0.2863 0.7810 0.6945 0.3906 0.1316 0.8608 0.8665 0.8395
4
0.6177 0.9273 0.8896 0.3623 0.9686 0.0902 0.7982 0.4560
4
0.3517 0.2261 0.7195 0.0763 0.2665 0.9114 0.1437 0.9680
4
0.5343 0.0635 0.7870 0.5076 0.1144 0.5025 0.5552 0.7123
4
0.1219 0.6102 0.7403 0.9020 0.6021 0.0347 0.2049 0.2501
4
0.2171 0.2248 0.5460 0.2995 0.1118 0.1743 0.1140 0.6730
4
0.7842 0.7253 0.7817 0.7116 0.8430 0.6875 0.3502 0.3734
4
0.7778 0.2222 0.6667 0.5556 0.3333 0.1111 0.4444 0.8889
1
1.0000 1.0000
3
0.8498 0.3674 0.1440 0.3968 0.0177 0.0019
2
0.5670 0.8614 0.1136 0.2751
4
0.7976 0.4531 0.2065 0.4075 0.5709 0.4206 0.8953 0.3666
4
0.6719 0.0598 0.0328 0.3640 0.3493 0.3031 0.3752 0.5850
4
0.4001 0.4004 0.3996 0.3998 0.3999 0.3998 0.4003 0.4000
4
0.2135 0.8988 0.1291 0.8767 0.0526 0.0041 0.1255 0.3102
2
1.0000 0.9999 1.0000 0.9999
3
0.6688 0.5030 0.0360 0.7567 0.7618 0.3512
4
0.3993 0.2744 0.7108 0.1440 0.4381 0.0457 0.0092 0.3493
4
0.9039 0.9599 0.8535 0.1301 0.8137 0.7214 0.3607 0.1316
4
0.4626 0.1280 0.3555 0.6904 0.7682 0.9987 0.8711 0.8286
4
0.0112 0.5535 0.6338 0.5803 0.4282 0.8124 0.6850 0.2354
4
0.3995 0.3996 0.3997 0.3997 0.4005 0.4003 0.3997 0.3996
3
0.2279 0.8602 0.7096 0.6304 0.5671 0.1871
4
0.8405 0.7500 0.8057 0.1267 0.8022 0.9141 0.4911 0.3487
4
0.9368 0.8730 0.3329 0.6829 0.8152 0.6955 0.9926 0.7304
1
0.0000 0.0000
4
0.4000 0.4000 0.3995 0.4003 0.4002 0.3995 0.3999 0.4005
2
0.0014 0.8192 0.8806 0.5413
2
0.4371 0.0855 0.0288 0.1612
1
0.1234 0.9876
4
0.2000 0.6000 0.1000 1.0000 0.7000 0.3000 0.4000 0.5000
4
0.9810 0.9810 0.9810 0.9810 0.9810 0.9810 0.9810 0.9810
4
0.3996 0.4001 0.4002 0.3996 0.4000 0.4003 0.3996 0.4004
2
0.4421 0.0240 0.6400 0.0988
3
0.2250 0.6710 0.3756 0.0652 0.9215 0.4583
4
0.0595 0.5806 0.6118 0.5194 0.2355 0.8442 0.9101 0.7473
4
0.5000 0.5001 0.4999 0.5003 0.4996 0.4998 0.5002 0.4997
4
1.0000 0.0000 1.0000 0.0000 1.0000 0.0000 0.0000 1.0000
3
0.9824 0.0169 0.1051 0.2933 0.0297 0.8229
4
0.1000 0.0000 0.5000 0.3000 0.7000 0.2000 0.4000 0.6000
3
0.6357 0.3756 0.4007 0.2852 0.8757 0.5102
2
0.5000 0.4999 0.5000 0.4999
3
0.1487 0.0326 0.8438 0.0470 0.0336 0.4800
3
0.0683 0.7766 0.2438 0.8423 0.1552 0.4434
3
0.9180 0.0070 0.4057 0.3702 0.8182 0.5155
4
0.0451 0.0096 0.7768 0.1368 0.2437 0.6609 0.6479 0.3909
3
0.4453 0.0601 0.9192 0.4193 0.8590 0.4302
4
0.6142 0.4361 0.7587 0.9730 0.4870 0.8657 0.2973 0.0507
4
0.3642 0.6261 0.9056 0.0311 0.4510 0.1620 0.1856 0.9959
4
0.6146 0.8208 0.8329 0.4350 0.6112 0.0312 0.0967 0.2619
2
0.7077 0.0167 0.8517 0.6406
2
0.8883 0.0028 0.9884 0.6231
4
0.8622 0.8855 0.2962 0.0179 0.8732 0.9260 0.3143 0.7664
4
0.3989 0.3989 0.3989 0.3989 0.3989 0.3989 0.3989 0.3989
3
0.4941 0.8303 0.0587 0.7098 0.6549 0.9422
1
1.0000 0.0000
3
0.5408 0.5228 0.9660 0.9654 0.6611 0.1562
4
0.4005 0.4000 0.4004 0.3997 0.3997 0.3995 0.3995 0.4002
4
0.3208 0.4880 0.8604 0.1889 0.1101 0.0857 0.9131 0.4776
3
0.8059 0.0352 0.7484 0.5587 0.6345 0.0454
4
0.7154 0.5581 0.0852 0.0229 0.7818 0.7549 0.0038 0.1719
4
0.6000 0.4000 0.6000 0.6000 0.4000 0.4000 0.5000 0.5000
3
0.9053 0.7094 0.9059 0.1139 0.6713 0.6543
3
0.1620 0.5093 0.3712 0.4025 0.4154 0.9839
3
0.4273 0.1690 0.7331 0.3028 0.6027 0.8945
4
0.4998 0.4998 0.4996 0.4999 0.4999 0.4997 0.4996 0.4997
2
0.0793 0.0244 0.2518 0.9292
4
1.0000 0.4999 0.4996 0.4998 0.5002 0.5000 0.5001 0.4997
2
0.4792 0.8625 0.3074 0.5105
